6
7
8
9
10
11
12
13
1
2
3
4
5
1
2
3
4
5
6
7
8
9
10
11
12
13
14
15
16
17
18
19
20
21
22
23
24
25
26
27
22
23
24
25
26
27
22
23
24
25
26
27
29
30
31
32
33
34
35
29
30
31
32
33
34
35
29
30
31
32
33
34
35
56
57
58
59
60
61
49
50
51
52
53
54
55
14
15
16
17
18
19
20
21
101
102
103
104
105
106
107
108
14
15
16
17
18
19
20
21
101
102
103
104
105
106
107
108
81
82
83
84
85
86
87
88
81
82
83
84
85
86
87
88
119
120
121
122
123
124
125
126
127
128
129
130
131
132
133
119
120
121
122
123
124
125
109
110
111
112
113
114
115
116
117
118
126
127
128
129
130
131
132
133
126
127
128
129
130
131
132
133
164
165
166
167
168
169
170
171
178
179
180
181
182
162
163
176
177
213
214
215
162
163
242
243
244
162
163
213
214
215
248
249
225
226
227
228
229
230
231
232
233
234
235
236
245
246
247
213
214
215
286
287
288
289
290
291
292
178
179
180
181
182
349
350
351
352
353
354
355
356
357
358
273
274
275
375
375
381
382
383
276
277
278
279
280
281
282
283
284
285
375
326
327
328
329
330
427
428
429
430
431
432
408
456
457
458
459
381
382
383
441
442
443
444
462
463
464
465
456
457
458
459
482
483
482
483
437
438
439
440
522
523
524
525
526
527
466
467
468
469
470
528
529
530
531
532
537
538
539
482
483
546
547
548
549
550
551
552
553
486
487
488
484
485
546
547
548
549
550
551
552
553
486
487
488
484
485
486
487
488
582
583
584
585
586
582
583
584
585
586
582
583
584
585
586
595
596
597
598
599
587
588
589
590
591
592
593
594
564
565
566
567
568
554
554
608
609
610
611
612
613
614
615
616
617
618
619
620
621
622
616
617
618
619
620
621
622
627
628
629
630
631
616
617
618
619
620
621
622
646
647
648
649
650
651
652
653
654
655
656
657
658
661
662
663
664
665
666
667
668
669
659
660
642
643
644
645
659
660
681
682
683
684
685
686
687
688
689
690
658
658
699
700
701
702
703
704
705
658
554
691
692
693
694
695
696
697
698
699
700
701
702
703
704
705
730
731
732
733
734
735
736
737
738
739
740
741
742
743
744
691
692
693
694
695
696
697
698
751
752
753
754
755
756
757
758
784
785
786
787
788
789
790
791
792
716
717
718
719
720
721
767
768
769
770
771
772
773
774
775
830
831
832
833
823
824
825
826
827
828
829
842
843
844
834
835
836
837
838
839
840
841
699
700
701
702
703
704
705
834
835
836
837
838
839
840
841
691
692
693
694
695
696
697
698
681
682
683
684
685
686
687
688
689
690
691
692
693
694
695
696
697
698
856
857
842
843
844
691
692
693
694
695
696
697
698
842
843
844
842
843
844
699
700
701
702
703
704
705
699
700
701
702
703
704
705
842
843
844
859
860
861
862
871
872
873
874
823
824
825
826
827
828
829
891
863
864
865
866
867
868
869
870
823
824
825
826
827
828
829
699
700
701
702
703
704
705
896
897
898
899
900
901
902
903
904
905
906
907
908
909
876
877
878
879
880
881
882
883
905
906
907
908
909
823
824
825
826
827
828
829
910
911
912
913
823
824
825
826
827
828
829
933
934
935
936
937
938
939
940
941
953
954
955
956
957
958
959
960
961
947
948
876
877
878
879
880
881
882
883
876
877
878
879
880
881
882
883
976
977
978
1002
1003
1004
1005
1006
1007
1008
876
877
878
879
880
881
882
883
968
969
970
971
972
973
974
975
947
948
952
976
977
978
947
948
1015
1016
1017
1043
1044
1045
947
948
1028
1029
1030
1031
1032
1033
1023
1024
1025
1026
1027
1080
1081
1077
1078
1079
1093
1094
1098
1099
1100
1101
1102
1103
1104
1105
1106
1107
1080
1081
1098
1099
1100
1101
1102
1103
1104
1105
1106
1107
1108
1109
1110
1111
1130
1131
1132
1133
1134
1135
1136
1137
1138
1015
1016
1017
1095
1096
1097
1015
1016
1017
1070
1071
1072
1073
1074
1075
1076
1123
1124
1125
1126
1127
1128
1129
1184
1185
1186
1187
1188
1189
1190
1191
1018
1019
1169
1177
1161
1162
1163
1164
1165
1184
1185
1186
1187
1188
1189
1190
1191
1123
1124
1125
1126
1127
1128
1129
1018
1019
1161
1162
1163
1164
1165
1123
1124
1125
1126
1127
1128
1129
1139
1140
1141
1142
1143
1144
1145
1093
1094
1093
1094
1170
1171
1172
1173
1174
1175
1176
1233
1234
1266
1267
1268
1269
1270
1271
1272
1273
1274
1275
1018
1019
1235
1236
1237
1238
1239
1283
1284
1285
1286
1287
1288
1283
1284
1285
1286
1287
1288
1289
1290
1291
1292
1293
1289
1290
1291
1292
1293
1322
1323
1324
1325
1326
1322
1323
1324
1325
1326
1335
1266
1267
1268
1269
1270
1271
1272
1273
1274
1275
1266
1267
1268
1269
1270
1271
1272
1273
1274
1275
1018
1019
1207
1208
1209
1339
1340
1341
1342
1343
1344
1345
1346
1347
1339
1340
1341
1342
1343
1344
1345
1346
1347
1336
1337
1338
1207
1208
1209
1207
1208
1209
1360
1361
1362
1363
1364
1365
1366
1367
1368
1369
1390
1391
1392
1393
1394
1395
1396
1397
1398
1399
1400
1401
1402
1390
1391
1392
1393
1394
1395
1390
1391
1392
1393
1394
1395
1360
1361
1362
1363
1364
1365
1366
1367
1368
1369
1396
1397
1398
1399
1400
1401
1402
1390
1391
1392
1393
1394
1395
1381
1382
1383
1384
1385
1386
1422
1423
1424
1425
1426
1427
1428
1429
1430
1431
1381
1382
1383
1384
1385
1386
1406
1407
1408
1409
1410
1435
1436
1437
1438
1439
1435
1436
1437
1438
1439
1420
1421
1455
1456
1457
1458
1459
1460
1461
1462
1463
1464
1455
1456
1457
1458
1459
1460
1461
1462
1463
1464
1455
1456
1457
1458
1459
1460
1461
1462
1463
1464
1403
1404
1405
1403
1404
1405
1473
1474
1484
1485
1486
1487
1488
1489
1490
1491
1406
1407
1408
1409
1410
1495
1496
1497
1498
1499
1500
1475
1476
1477
1478
1479
1480
1481
1482
1483
1492
1493
1494
1501
1502
1503
1504
1505
1506
1523
1524
1525
1526
1527
1528
1529
1530
1406
1407
1408
1409
1410
1501
1502
1503
1504
1505
1506
1523
1524
1525
1526
1527
1528
1529
1530
1501
1502
1503
1504
1505
1506
1523
1524
1525
1526
1527
1528
1529
1530
1535
1536
1537
1538
1492
1493
1494
1539
1540
1541
1542
1543
1544
1545
1546
1547
1548
1531
1532
1533
1534
1513
1514
1515
1516
1517
1518
1519
1520
1521
1522
1406
1407
1408
1409
1410
1542
1543
1544
1545
1546
1547
1548
1562
1563
1564
1565
1566
1492
1493
1494
1576
1577
1578
1492
1493
1494
1583
1584
1585
1586
1587
1588
1589
1590
1591
1592
1593
1594
1595
1596
1597
1598
1590
1591
1592
1593
1594
1595
1596
1597
1598
1590
1591
1592
1593
1594
1595
1596
1597
1598
1513
1514
1515
1516
1517
1518
1519
1520
1521
1522
1542
1543
1544
1545
1546
1547
1548
1616
1617
1618
1590
1591
1592
1593
1594
1595
1596
1597
1598
1653
1654
1655
1656
1657
1658
1659
1660
1661
1662
1625
1626
1627
1628
1629
1636
1637
1638
1639
1640
1641
1642
1643
1644
1645
1672
1673
1674
1675
1676
1677
1678
1653
1654
1655
1656
1657
1658
1659
1660
1661
1662
1636
1637
1638
1639
1640
1641
1642
1643
1644
1645
1672
1673
1674
1675
1676
1677
1678
1625
1626
1627
1628
1629
1706
1707
1708
1709
1710
1711
1712
1713
1714
1715
1724
1725
1726
1727
1728
1729
1730
1731
1732
1733
1742
1743
1744
1745
1746
1742
1743
1744
1745
1747
1742
1743
1744
1745
1740
1741
1663
1664
1665
1666
1667
1668
1669
1670
1671
1696
1697
1698
1699
1700
1701
1702
1703
1704
1705
1696
1697
1698
1699
1700
1701
1702
1703
1704
1705
1753
1754
1755
1756
1757
1758
1759
1760
1663
1664
1665
1666
1667
1668
1669
1670
1671
1761
1762
1747
1761
1762
1763
1764
1765
1766
1777
1777
1821
1822
1823
1824
1825
1826
1827
1830
1837
1838
1839
1840
1841
1842
1843
1844
1845
1848
1849
1850
1851
1852
1853
1854
1855
1856
1873
1874
1875
1876
1877
1878
1846
1847
1828
1829
1846
1847
1837
1838
1839
1840
1841
1842
1843
1844
1845
1763
1764
1765
1766
1901
1902
1903
1904
1905
1906
1907
1908
1909
1763
1764
1765
1766
1938
1939
1940
1941
1942
1943
1944
1837
1838
1839
1840
1841
1842
1843
1844
1845
1848
1849
1850
1851
1852
1853
1854
1855
1856
1837
1838
1839
1840
1841
1842
1843
1844
1845
1828
1829
1937
1848
1849
1850
1851
1852
1853
1854
1855
1856
1981
1982
1983
1984
1985
1986
1987
1988
1999
2000
2001
2002
1945
1946
1947
1948
1949
1950
1951
1952
1953
1954
2030
2020
2021
2022
2023
2024
2025
2026
2027
2028
2029
2033
2034
1937
2072
2073
2074
2075
1837
1838
1839
1840
1841
1842
1843
1844
1845
2039
2040
2041
2042
2043
2044
2045
2046
2047
2048
2039
2040
2041
2042
2043
2044
2045
2046
2047
2048
2072
2073
2074
2075
2096
2097
2098
2099
2100
2101
2079
2108
2109
2110
2064
2065
2066
2067
2068
2069
2070
2071
2064
2065
2066
2067
2068
2069
2070
2071
2111
2112
2113
2114
2115
2064
2065
2066
2067
2068
2069
2070
2071
2149
2150
2151
2152
2153
2154
2155
1990
1991
1992
1993
1994
1995
1996
1997
1998
2076
2077
2078
2158
2159
2160
2161
2162
2163
2164
2165
2166
2156
2157
2169
2170
2156
2157
2173
2174
2175
2176
2177
2178
2179
2180
2173
2174
2175
2176
2177
2178
2179
2180
2181
2182
2183
2184
2185
2186
2187
2188
2189
2190
2156
2157
2195
2196
2197
2198
2199
2200
2201
2202
2203
2204
2195
2196
2197
2198
2199
2200
2201
2202
2203
2204
2214
2215
2223
2224
2225
2226
2227
2228
2229
2230
2231
2232
2233
