Puntero	Páginas
1	1, 2, 3, 4, 5
2	6, 7, 8, 9, 10, 11, 12, 13
3	14, 15, 16, 17, 18, 19, 20, 21
4	22, 23, 24, 25, 26, 27
5	28
6	29, 30, 31, 32, 33, 34, 35
7	36, 37
8	38, 39, 40, 41, 42, 43, 44, 45, 46, 47
9	48, 49, 50, 51, 52, 53, 54, 55
10	56, 57
11	58, 59, 60, 61, 62, 63, 64, 65, 66, 67
12	68, 69, 70, 71
13	72, 73, 74, 75, 76, 77, 78, 79, 80, 81
14	82, 83, 84, 85, 86, 87, 88
15	89, 90, 91, 92, 93, 94
16	95, 96, 97, 98, 99, 100, 101, 102, 103
17	104, 105, 106, 107
18	108, 109, 110, 111, 112, 113, 114, 115, 116
19	117, 118
20	119, 120, 121, 122, 123, 124, 125, 126
21	127, 128, 129, 130
22	131, 132, 133, 134, 135, 136, 137, 138, 139, 140
23	141, 142, 143, 144, 145
24	146, 147, 148, 149, 150, 151, 152, 153, 154
25	155, 156, 157, 158, 159
26	160, 161, 162, 163, 164, 165, 166, 167
27	168
28	169, 170
29	171, 172, 173, 174
30	175, 176, 177
31	178, 179, 180, 181, 182, 183, 184
32	185, 186, 187
33	188, 189, 190, 191, 192
34	193, 194, 195, 196, 197
35	198, 199, 200, 201, 202, 203, 204
36	205, 206
37	207, 208, 209, 210, 211, 212
38	213, 214, 215, 216, 217
39	218, 219, 220
40	221, 222, 223, 224, 225, 226, 227, 228, 229, 230
41	231, 232, 233, 234, 235, 236, 237
42	238, 239
43	240
44	241, 242, 243, 244, 245, 246
45	247, 248, 249, 250, 251, 252
46	253, 254, 255, 256, 257
47	258, 259, 260, 261, 262, 263
48	264, 265, 266, 267, 268, 269, 270, 271, 272, 273
49	274, 275, 276, 277, 278
50	279, 280, 281, 282, 283, 284, 285, 286, 287, 288
51	289, 290, 291, 292, 293, 294, 295, 296
52	297
53	298, 299, 300, 301, 302, 303, 304, 305, 306, 307
54	308, 309
55	310
56	311, 312, 313, 314, 315, 316, 317
57	318, 319, 320, 321
58	322
59	323, 324, 325, 326, 327
60	328, 329, 330, 331, 332, 333, 334
61	335, 336, 337, 338, 339, 340
62	341, 342, 343, 344
63	345, 346, 347, 348, 349, 350, 351, 352, 353
64	354, 355
65	356, 357, 358, 359, 360, 361, 362, 363
66	364, 365, 366, 367
67	368
68	369, 370, 371, 372, 373, 374, 375, 376, 377
69	378, 379, 380, 381
70	382, 383, 384, 385, 386
71	387, 388
72	389, 390, 391, 392, 393
73	394, 395, 396, 397, 398, 399, 400, 401, 402
74	403, 404, 405, 406, 407
75	408, 409, 410, 411, 412, 413
76	414, 415, 416, 417, 418, 419, 420, 421
77	422, 423, 424, 425, 426, 427, 428
78	429, 430, 431, 432, 433, 434
79	435, 436, 437, 438, 439, 440, 441
80	442, 443, 444, 445
81	446, 447, 448, 449, 450, 451, 452, 453, 454
82	455, 456, 457, 458
83	459, 460, 461, 462, 463, 464, 465, 466, 467
84	468, 469, 470
85	471, 472, 473, 474, 475
86	476, 477, 478
87	479, 480
88	481, 482, 483, 484, 485, 486, 487, 488
89	489, 490, 491, 492, 493, 494, 495
90	496, 497, 498, 499, 500, 501, 502, 503, 504
91	505, 506
92	507, 508, 509
93	510, 511, 512, 513, 514, 515, 516, 517
94	518, 519, 520, 521, 522, 523, 524, 525
95	526, 527, 528, 529, 530
96	531
97	532, 533, 534, 535
98	536, 537, 538
99	539, 540, 541, 542, 543, 544, 545, 546, 547, 548
100	549, 550, 551, 552, 553, 554, 555, 556
101	557, 558, 559, 560
102	561
103	562, 563, 564, 565, 566, 567, 568, 569, 570
104	571, 572
105	573, 574, 575, 576, 577, 578, 579, 580, 581
106	582, 583, 584, 585, 586, 587, 588, 589, 590, 591
107	592, 593, 594, 595, 596, 597, 598
108	599, 600, 601, 602, 603
109	604, 605, 606
110	607, 608, 609, 610, 611, 612, 613, 614, 615
111	616, 617, 618, 619, 620, 621, 622, 623, 624, 625
112	626, 627, 628, 629, 630, 631, 632, 633
113	634
114	635, 636, 637
115	638, 639, 640, 641, 642
116	643, 644, 645, 646, 647, 648, 649, 650
117	651, 652, 653, 654, 655
118	656, 657, 658, 659, 660, 661, 662, 663, 664, 665
119	666, 667, 668, 669, 670, 671
120	672, 673, 674, 675, 676, 677, 678
121	679, 680, 681, 682, 683
122	684, 685
123	686, 687, 688
124	689, 690, 691, 692, 693, 694, 695, 696, 697, 698
125	699, 700, 701, 702, 703, 704, 705, 706, 707, 708
126	709, 710, 711, 712, 713, 714, 715, 716, 717, 718
127	719, 720, 721, 722, 723, 724, 725
128	726, 727, 728, 729
129	730, 731, 732, 733, 734, 735, 736, 737
130	738, 739, 740, 741, 742, 743, 744
131	745, 746, 747, 748
132	749, 750
133	751, 752, 753, 754, 755, 756, 757, 758
134	759, 760, 761, 762, 763, 764, 765, 766, 767, 768
135	769, 770, 771, 772, 773
136	774, 775, 776, 777
137	778, 779, 780, 781, 782, 783
138	784
139	785
140	786, 787, 788, 789, 790, 791, 792
141	793
142	794, 795, 796, 797, 798, 799, 800, 801, 802, 803
143	804, 805, 806
144	807
145	808, 809, 810, 811, 812
146	813, 814, 815, 816, 817
147	818, 819, 820, 821, 822, 823, 824, 825, 826, 827
148	828, 829, 830, 831, 832, 833, 834, 835, 836
149	837, 838, 839, 840, 841
150	842, 843, 844
151	845
152	846, 847, 848, 849, 850, 851, 852, 853, 854
153	855, 856, 857, 858, 859, 860
154	861, 862, 863, 864, 865, 866, 867, 868
155	869, 870, 871, 872, 873
156	874, 875, 876, 877, 878
157	879, 880, 881, 882, 883, 884
158	885, 886
159	887, 888, 889, 890, 891, 892, 893, 894, 895
160	896, 897, 898, 899, 900, 901, 902, 903, 904
161	905, 906, 907
162	908, 909, 910, 911, 912, 913, 914
163	915, 916
164	917, 918, 919
165	920
166	921, 922, 923, 924, 925, 926
167	927, 928, 929, 930, 931, 932, 933, 934, 935
168	936, 937, 938, 939, 940, 941, 942, 943, 944
169	945, 946, 947, 948, 949, 950
170	951, 952, 953, 954, 955, 956, 957, 958
171	959, 960, 961, 962, 963, 964, 965
172	966, 967, 968, 969
173	970, 971, 972, 973, 974, 975
174	976, 977, 978, 979, 980, 981, 982
175	983, 984, 985, 986, 987, 988, 989, 990, 991
176	992, 993, 994
177	995, 996, 997, 998, 999, 1000, 1001, 1002, 1003
178	1004, 1005
179	1006, 1007
180	1008, 1009
181	1010, 1011, 1012, 1013, 1014, 1015, 1016, 1017, 1018
